{{["Item"] = "Stone", ["Amount"] = 9, ["Whole"] = false, {CFrame.new(-6.27865601, 327.984283, 4.38650513, -1.00000012, 0, 0, 0, 1.00000012, 0, 0, 0, -1), ["CID"] = 3}, {CFrame.new(-6.27865601, 327.984283, 8.38650513, -1.00000012, 0, 0, 0, 1.00000012, 0, 0, 0, -1), ["CID"] = 3}, {CFrame.new(-6.27865601, 331.984283, 8.38650513, -1.00000012, 0, 0, 0, 1.00000012, 0, 0, 0, -1), ["CID"] = 3}, {CFrame.new(-6.27865601, 331.984283, 4.38650513, -1.00000012, 0, 0, 0, 1.00000012, 0, 0, 0, -1), ["CID"] = 3}, {CFrame.new(-10.278656, 327.984283, 4.38650513, -1.00000012, 0, 0, 0, 1.00000012, 0, 0, 0, -1), ["CID"] = 3}, {CFrame.new(-10.278656, 331.984283, 4.38650513, -1.00000012, 0, 0, 0, 1.00000012, 0, 0, 0, -1), ["CID"] = 3}, {CFrame.new(-10.278656, 327.984283, 8.38650513, -1.00000012, 0, 0, 0, 1.00000012, 0, 0, 0, -1), ["CID"] = 3}, {CFrame.new(-10.278656, 331.984283, 8.38650513, -1.00000012, 0, 0, 0, 1.00000012, 0, 0, 0, -1), ["CID"] = 3}, {CFrame.new(-5.45028687, 329.983307, 4.38650513, -0.707106769, -0.707106948, 0, -0.707106948, 0.707106769, 0, 0, 0, -1), ["CID"] = 3}, {CFrame.new(-5.45028687, 329.983307, 8.38650513, -0.707106769, -0.707106948, 0, -0.707106948, 0.707106769, 0, 0, 0, -1), ["CID"] = 3}, {CFrame.new(-8.27865601, 332.811737, 8.38650513, -0.707106769, -0.707106948, 0, -0.707106948, 0.707106769, 0, 0, 0, -1), ["CID"] = 3}, {CFrame.new(-8.27865601, 332.811737, 4.38650513, -0.707106769, -0.707106948, 0, -0.707106948, 0.707106769, 0, 0, 0, -1), ["CID"] = 3}, {CFrame.new(-8.27865601, 327.154877, 4.38650513, -0.707106769, -0.707106948, 0, -0.707106948, 0.707106769, 0, 0, 0, -1), ["CID"] = 3}, {CFrame.new(-11.1070251, 329.983307, 4.38650513, -0.707106769, -0.707106948, 0, -0.707106948, 0.707106769, 0, 0, 0, -1), ["CID"] = 3}, {CFrame.new(-8.27865601, 327.154877, 8.38650513, -0.707106769, -0.707106948, 0, -0.707106948, 0.707106769, 0, 0, 0, -1), ["CID"] = 3}, {CFrame.new(-11.1070251, 329.983307, 8.38650513, -0.707106769, -0.707106948, 0, -0.707106948, 0.707106769, 0, 0, 0, -1), ["CID"] = 3}, {CFrame.new(-8.27865601, 327.984283, 3.55807495, -0.707106829, 0, -0.707106829, 0, 1.00000012, 0, 0.707106769, 0, -0.707106769), ["CID"] = 3}, {CFrame.new(-5.45028687, 327.984283, 6.38650513, -0.707106829, 0, -0.707106829, 0, 1.00000012, 0, 0.707106769, 0, -0.707106769), ["CID"] = 3}, {CFrame.new(-5.45028687, 331.984283, 6.38650513, -0.707106829, 0, -0.707106829, 0, 1.00000012, 0, 0.707106769, 0, -0.707106769), ["CID"] = 3}, {CFrame.new(-8.27865601, 331.984283, 3.55807495, -0.707106829, 0, -0.707106829, 0, 1.00000012, 0, 0.707106769, 0, -0.707106769), ["CID"] = 3}, {CFrame.new(-11.1070251, 327.984283, 6.38650513, -0.707106829, 0, -0.707106829, 0, 1.00000012, 0, 0.707106769, 0, -0.707106769), ["CID"] = 3}, {CFrame.new(-11.1070251, 331.984283, 6.38650513, -0.707106829, 0, -0.707106829, 0, 1.00000012, 0, 0.707106769, 0, -0.707106769), ["CID"] = 3}, {CFrame.new(-8.27865601, 327.984283, 9.2149353, -0.707106829, 0, -0.707106829, 0, 1.00000012, 0, 0.707106769, 0, -0.707106769), ["CID"] = 3}, {CFrame.new(-8.27865601, 331.984283, 9.2149353, -0.707106829, 0, -0.707106829, 0, 1.00000012, 0, 0.707106769, 0, -0.707106769), ["CID"] = 3}, {CFrame.new(-6.27865601, 329.984283, 3.55807495, -1.00000012, 0, 0, 0, 0.707106829, 0.707106829, 0, 0.707106769, -0.707106769), ["CID"] = 3}, {CFrame.new(-6.27865601, 327.155853, 6.38650513, -1.00000012, 0, 0, 0, 0.707106829, 0.707106829, 0, 0.707106769, -0.707106769), ["CID"] = 3}, {CFrame.new(-6.27865601, 329.984283, 9.2149353, -1.00000012, 0, 0, 0, 0.707106829, 0.707106829, 0, 0.707106769, -0.707106769), ["CID"] = 3}, {CFrame.new(-6.27865601, 332.812714, 6.38650513, -1.00000012, 0, 0, 0, 0.707106829, 0.707106829, 0, 0.707106769, -0.707106769), ["CID"] = 3}, {CFrame.new(-10.278656, 329.984283, 3.55807495, -1.00000012, 0, 0, 0, 0.707106829, 0.707106829, 0, 0.707106769, -0.707106769), ["CID"] = 3}, {CFrame.new(-10.278656, 332.812714, 6.38650513, -1.00000012, 0, 0, 0, 0.707106829, 0.707106829, 0, 0.707106769, -0.707106769), ["CID"] = 3}, {CFrame.new(-10.278656, 327.155853, 6.38650513, -1.00000012, 0, 0, 0, 0.707106829, 0.707106829, 0, 0.707106769, -0.707106769), ["CID"] = 3}, {CFrame.new(-10.278656, 329.984283, 9.2149353, -1.00000012, 0, 0, 0, 0.707106829, 0.707106829, 0, 0.707106769, -0.707106769), ["CID"] = 3}}, 
{["Item"] = "Slabs", ["Amount"] = 62, ["Whole"] = false, {CFrame.new(-26.3969574, 16.0029392, -21.7247467, 0, 0, -1, 0.500005364, 0.866022289, 0, 0.866022348, -0.500005364, 0), ["CID"] = 21, ["MAT"] = "DiamondPlate"}, {CFrame.new(-26.3969574, 17.0029507, -19.9927063, 0, 0, -1, 0.500005364, 0.866022289, 0, 0.866022348, -0.500005364, 0), ["CID"] = 21, ["MAT"] = "DiamondPlate"}, {CFrame.new(-26.3969574, 15.0029268, -23.4567871, 0, 0, -1, 0.500005364, 0.866022289, 0, 0.866022348, -0.500005364, 0), ["CID"] = 21, ["MAT"] = "DiamondPlate"}, {CFrame.new(-26.3969574, 13.0029039, -26.9208832, 0, 0, -1, 0.500005364, 0.866022289, 0, 0.866022348, -0.500005364, 0), ["CID"] = 21, ["MAT"] = "DiamondPlate"}, {CFrame.new(-26.3969574, 14.0029163, -25.1888428, 0, 0, -1, 0.500005364, 0.866022289, 0, 0.866022348, -0.500005364, 0), ["CID"] = 21, ["MAT"] = "DiamondPlate"}, {CFrame.new(-33, 1.70595002, -23.8486176, 0, 0, 1, 0.5, 0.866025388, 0, -0.866025388, 0.5, 0), ["CID"] = 21, ["MAT"] = "DiamondPlate"}, {CFrame.new(-31, 2.70595002, -18.2146454, 0, 0, 1, 1, 0, 0, 0, 1, 0), {{"Dis", 3}, }, ["CID"] = 22, ["MAT"] = "Plastic", ["TRD"] = "0.5"}, {CFrame.new(-33, 2.70595002, -18.2146454, 0, 0, 1, 1, 0, 0, 0, 1, 0), {{"Dis", 3}, }, ["CID"] = 22, ["MAT"] = "Plastic", ["TRD"] = "0.5"}, {CFrame.new(-31, 4.70594978, -18.2146454, 0, 0, 1, 1, 0, 0, 0, 1, 0), {{"Dis", 3}, }, ["CID"] = 22, ["MAT"] = "Plastic", ["TRD"] = "0.5"}, {CFrame.new(-31, 6.70594978, -18.2146454, 0, 0, 1, 1, 0, 0, 0, 1, 0), {{"Dis", 3}, }, ["CID"] = 22, ["MAT"] = "Plastic", ["TRD"] = "0.5"}, {CFrame.new(-31, 8.70594978, -18.2146454, 0, 0, 1, 1, 0, 0, 0, 1, 0), {{"Dis", 3}, }, ["CID"] = 22, ["MAT"] = "Plastic", ["TRD"] = "0.5"}, {CFrame.new(-33, 4.70594978, -18.2146454, 0, 0, 1, 1, 0, 0, 0, 1, 0), {{"Dis", 3}, }, ["CID"] = 22, ["MAT"] = "Plastic", ["TRD"] = "0.5"}, {CFrame.new(-33, 6.70594978, -18.2146454, 0, 0, 1, 1, 0, 0, 0, 1, 0), {{"Dis", 3}, }, ["CID"] = 22, ["MAT"] = "Plastic", ["TRD"] = "0.5"}, {CFrame.new(-33, 8.70594978, -18.2146454, 0, 0, 1, 1, 0, 0, 0, 1, 0), {{"Dis", 3}, }, ["CID"] = 22, ["MAT"] = "Plastic", ["TRD"] = "0.5"}, {CFrame.new(-33, 2.70594931, -25.5806732, 0, 0, 1, 0.5, 0.866025388, 0, -0.866025388, 0.5, 0), ["CID"] = 21, ["MAT"] = "DiamondPlate"}, {CFrame.new(-33, 3.70594907, -27.3127136, 0, 0, 1, 0.5, 0.866025388, 0, -0.866025388, 0.5, 0), ["CID"] = 21, ["MAT"] = "DiamondPlate"}, {CFrame.new(-33, 4.70594835, -29.0447693, 0, 0, 1, 0.5, 0.866025388, 0, -0.866025388, 0.5, 0), ["CID"] = 21, ["MAT"] = "DiamondPlate"}, {CFrame.new(-33, 5.70594835, -30.776825, 0, 0, 1, 0.5, 0.866025388, 0, -0.866025388, 0.5, 0), ["CID"] = 21, ["MAT"] = "DiamondPlate"}, {CFrame.new(-33, 6.70594788, -32.5088806, 0, 0, 1, 0.5, 0.866025388, 0, -0.866025388, 0.5, 0), ["CID"] = 21, ["MAT"] = "DiamondPlate"}, {CFrame.new(-33, 7.20595026, -34.7146454, 0, 0, 1, 0, 1, 0, -1, 0, 0), ["CID"] = 21, ["MAT"] = "DiamondPlate"}, {CFrame.new(-33, 7.20595026, -33.7146454, 0, 0, 1, 0, 1, 0, -1, 0, 0), ["CID"] = 21, ["MAT"] = "DiamondPlate"}, {CFrame.new(-30.4000092, 7.89877033, -33.7146454, -0.866025388, -0.5, 0, -0.5, 0.866025388, 0, 0, 0, -1), ["CID"] = 21, ["MAT"] = "DiamondPlate"}, {CFrame.new(-28.6679535, 8.89876556, -33.7146454, -0.866025388, -0.5, 0, -0.49999997, 0.866025388, 0, 0, 0, -0.99999994), ["CID"] = 21, ["MAT"] = "DiamondPlate"}, {CFrame.new(-26.9358978, 9.89876747, -33.7146454, -0.866025388, -0.5, 0, -0.49999994, 0.866025388, 0, 0, 0, -0.999999881), ["CID"] = 21, ["MAT"] = "DiamondPlate"}, {CFrame.new(-25.3327179, 10.3122683, -33.734314, -0.999999881, -1.1920929e-07, 0, 1.1920929e-07, 1, 0, 0, 0, -0.999999523), ["CID"] = 21, ["MAT"] = "DiamondPlate"}, {CFrame.new(-26.3780365, 10.0287304, -32.131958, 0, 0, -0.999991417, 0.500001073, 0.866025746, 0, 0.866023242, -0.499997765, 0), ["CID"] = 21, ["MAT"] = "DiamondPlate"}, {CFrame.new(-26.3969574, 11.0028811, -30.3849792, 0, 0, -1, 0.500005364, 0.866022289, 0, 0.866022348, -0.500005364, 0), ["CID"] = 21, ["MAT"] = "DiamondPlate"}, {CFrame.new(-26.3969574, 12.0028925, -28.6529236, 0, 0, -1, 0.500005364, 0.866022289, 0, 0.866022348, -0.500005364, 0), ["CID"] = 21, ["MAT"] = "DiamondPlate"}, {CFrame.new(-27, 18.7059498, -18.6146393, 0, 0, 1, 1, 0, 0, 0, 1, 0), {{"Dis", 3}, }, ["CID"] = 22, ["MAT"] = "Plastic", ["TRD"] = "0.5"}, {CFrame.new(-27, 20.7059498, -18.6146393, 0, 0, 1, 1, 0, 0, 0, 1, 0), {{"Dis", 3}, }, ["CID"] = 22, ["MAT"] = "Plastic", ["TRD"] = "0.5"}, {CFrame.new(-27, 22.7059498, -18.6146393, 0, 0, 1, 1, 0, 0, 0, 1, 0), {{"Dis", 3}, }, ["CID"] = 22, ["MAT"] = "Plastic", ["TRD"] = "0.5"}, {CFrame.new(-27, 24.7059498, -18.6146393, 0, 0, 1, 1, 0, 0, 0, 1, 0), {{"Dis", 3}, }, ["CID"] = 22, ["MAT"] = "Plastic", ["TRD"] = "0.5"}, {CFrame.new(-30.4000092, 17.1059494, -20.6146393, 0, 0, -0.999999523, 1.1920929e-07, 1, 0, 0.999999881, 1.1920929e-07, 0), ["CID"] = 21, ["MAT"] = "DiamondPlate"}, {CFrame.new(-33, 17.1059494, -20.7146454, 0, 0, -0.999999523, 1.1920929e-07, 1, 0, 0.999999881, 1.1920929e-07, 0), ["CID"] = 21, ["MAT"] = "DiamondPlate"}, {CFrame.new(-30.4000092, 17.1059494, -22.5146484, 0, 0, -0.999999523, 1.1920929e-07, 1, 0, 0.999999881, 1.1920929e-07, 0), ["CID"] = 21, ["MAT"] = "DiamondPlate"}, {CFrame.new(-33, 17.1059494, -22.5146484, 0, 0, -0.999999523, 1.1920929e-07, 1, 0, 0.999999881, 1.1920929e-07, 0), ["CID"] = 21, ["MAT"] = "DiamondPlate"}, {CFrame.new(-30.4000092, 16.6059494, -22.5146484, 0, 0, -0.999999523, 1.1920929e-07, 1, 0, 0.999999881, 1.1920929e-07, 0), ["CID"] = 21, ["MAT"] = "DiamondPlate"}, {CFrame.new(-33, 16.6059494, -22.5146484, 0, 0, -0.999999523, 1.1920929e-07, 1, 0, 0.999999881, 1.1920929e-07, 0), ["CID"] = 21, ["MAT"] = "DiamondPlate"}, {CFrame.new(-33, 17.3059502, -23.8486176, 0, 0, 1, 0.5, 0.866025388, 0, -0.866025388, 0.5, 0), ["CID"] = 21, ["MAT"] = "DiamondPlate"}, {CFrame.new(-33, 19.3059483, -27.3127136, 0, 0, 1, 0.5, 0.866025388, 0, -0.866025388, 0.5, 0), ["CID"] = 21, ["MAT"] = "DiamondPlate"}, {CFrame.new(-33, 20.3059483, -29.0447693, 0, 0, 1, 0.5, 0.866025388, 0, -0.866025388, 0.5, 0), ["CID"] = 21, ["MAT"] = "DiamondPlate"}, {CFrame.new(-33, 21.3059483, -30.776825, 0, 0, 1, 0.5, 0.866025388, 0, -0.866025388, 0.5, 0), ["CID"] = 21, ["MAT"] = "DiamondPlate"}, {CFrame.new(-33, 22.3059483, -32.5088806, 0, 0, 1, 0.5, 0.866025388, 0, -0.866025388, 0.5, 0), ["CID"] = 21, ["MAT"] = "DiamondPlate"}, {CFrame.new(-30.4000092, 23.4987698, -33.7146454, -0.866025388, -0.5, 0, -0.5, 0.866025388, 0, 0, 0, -1), ["CID"] = 21, ["MAT"] = "DiamondPlate"}, {CFrame.new(-28.6679535, 24.4987659, -33.7146454, -0.866025388, -0.5, 0, -0.49999997, 0.866025388, 0, 0, 0, -0.99999994), ["CID"] = 21, ["MAT"] = "DiamondPlate"}, {CFrame.new(-26.9358978, 25.4987679, -33.7146454, -0.866025388, -0.5, 0, -0.49999994, 0.866025388, 0, 0, 0, -0.999999881), ["CID"] = 21, ["MAT"] = "DiamondPlate"}, {CFrame.new(-25.3327179, 25.9122677, -33.734314, -0.999999881, -1.1920929e-07, 0, 1.1920929e-07, 1, 0, 0, 0, -0.999999523), ["CID"] = 21, ["MAT"] = "DiamondPlate"}, {CFrame.new(-26.3780365, 25.6287308, -32.131958, 0, 0, -0.999991417, 0.500001073, 0.866025746, 0, 0.866023242, -0.499997765, 0), ["CID"] = 21, ["MAT"] = "DiamondPlate"}, {CFrame.new(-26.3969574, 26.6028805, -30.3849792, 0, 0, -1, 0.500005364, 0.866022289, 0, 0.866022348, -0.500005364, 0), ["CID"] = 21, ["MAT"] = "DiamondPlate"}, {CFrame.new(-26.3969574, 27.6028919, -28.6529236, 0, 0, -1, 0.500005364, 0.866022289, 0, 0.866022348, -0.500005364, 0), ["CID"] = 21, ["MAT"] = "DiamondPlate"}, {CFrame.new(-26.3969574, 28.6029034, -26.9208832, 0, 0, -1, 0.500005364, 0.866022289, 0, 0.866022348, -0.500005364, 0), ["CID"] = 21, ["MAT"] = "DiamondPlate"}, {CFrame.new(-26.3969574, 29.6029167, -25.1888428, 0, 0, -1, 0.500005364, 0.866022289, 0, 0.866022348, -0.500005364, 0), ["CID"] = 21, ["MAT"] = "DiamondPlate"}, {CFrame.new(-26.3969574, 30.6029263, -23.4567871, 0, 0, -1, 0.500005364, 0.866022289, 0, 0.866022348, -0.500005364, 0), ["CID"] = 21, ["MAT"] = "DiamondPlate"}, {CFrame.new(-26.3969574, 31.6029396, -21.7247467, 0, 0, -1, 0.500005364, 0.866022289, 0, 0.866022348, -0.500005364, 0), ["CID"] = 21, ["MAT"] = "DiamondPlate"}, {CFrame.new(-26.3969574, 32.6029549, -19.9927063, 0, 0, -1, 0.500005364, 0.866022289, 0, 0.866022348, -0.500005364, 0), ["CID"] = 21, ["MAT"] = "DiamondPlate"}, {CFrame.new(-33, 18.3059502, -25.5806732, 0, 0, 1, 0.5, 0.866025388, 0, -0.866025388, 0.5, 0), ["CID"] = 21, ["MAT"] = "DiamondPlate"}, {CFrame.new(-33, 22.8059502, -33.7146454, 0, 0, 1, 0, 1, 0, -1, 0, 0), ["CID"] = 21, ["MAT"] = "DiamondPlate"}, {CFrame.new(-33, 22.8059502, -34.7146454, 0, 0, 1, 0, 1, 0, -1, 0, 0), ["CID"] = 21, ["MAT"] = "DiamondPlate"}, {CFrame.new(-33, 17.3059502, -23.8486176, 0, 0, 1, 0.5, 0.866025388, 0, -0.866025388, 0.5, 0), ["CID"] = 21, ["MAT"] = "DiamondPlate"}, {CFrame.new(-33, 19.3059483, -27.3127136, 0, 0, 1, 0.5, 0.866025388, 0, -0.866025388, 0.5, 0), ["CID"] = 21, ["MAT"] = "DiamondPlate"}, {CFrame.new(-33, 20.3059483, -29.0447693, 0, 0, 1, 0.5, 0.866025388, 0, -0.866025388, 0.5, 0), ["CID"] = 21, ["MAT"] = "DiamondPlate"}, {CFrame.new(-33, 21.3059483, -30.776825, 0, 0, 1, 0.5, 0.866025388, 0, -0.866025388, 0.5, 0), ["CID"] = 21, ["MAT"] = "DiamondPlate"}, {CFrame.new(-33, 22.3059483, -32.5088806, 0, 0, 1, 0.5, 0.866025388, 0, -0.866025388, 0.5, 0), ["CID"] = 21, ["MAT"] = "DiamondPlate"}, {CFrame.new(-30.4000092, 23.4987698, -33.7146454, -0.866025388, -0.5, 0, -0.5, 0.866025388, 0, 0, 0, -1), ["CID"] = 21, ["MAT"] = "DiamondPlate"}, {CFrame.new(-28.6679535, 24.4987659, -33.7146454, -0.866025388, -0.5, 0, -0.49999997, 0.866025388, 0, 0, 0, -0.99999994), ["CID"] = 21, ["MAT"] = "DiamondPlate"}, {CFrame.new(-26.9358978, 25.4987679, -33.7146454, -0.866025388, -0.5, 0, -0.49999994, 0.866025388, 0, 0, 0, -0.999999881), ["CID"] = 21, ["MAT"] = "DiamondPlate"}, {CFrame.new(-25.3327179, 25.9122677, -33.734314, -0.999999881, -1.1920929e-07, 0, 1.1920929e-07, 1, 0, 0, 0, -0.999999523), ["CID"] = 21, ["MAT"] = "DiamondPlate"}, {CFrame.new(-26.3780365, 25.6287308, -32.131958, 0, 0, -0.999991417, 0.500001073, 0.866025746, 0, 0.866023242, -0.499997765, 0), ["CID"] = 21, ["MAT"] = "DiamondPlate"}, {CFrame.new(-26.3969574, 26.6028805, -30.3849792, 0, 0, -1, 0.500005364, 0.866022289, 0, 0.866022348, -0.500005364, 0), ["CID"] = 21, ["MAT"] = "DiamondPlate"}, {CFrame.new(-26.3969574, 27.6028919, -28.6529236, 0, 0, -1, 0.500005364, 0.866022289, 0, 0.866022348, -0.500005364, 0), ["CID"] = 21, ["MAT"] = "DiamondPlate"}, {CFrame.new(-26.3969574, 28.6029034, -26.9208832, 0, 0, -1, 0.500005364, 0.866022289, 0, 0.866022348, -0.500005364, 0), ["CID"] = 21, ["MAT"] = "DiamondPlate"}, {CFrame.new(-26.3969574, 29.6029167, -25.1888428, 0, 0, -1, 0.500005364, 0.866022289, 0, 0.866022348, -0.500005364, 0), ["CID"] = 21, ["MAT"] = "DiamondPlate"}, {CFrame.new(-26.3969574, 30.6029263, -23.4567871, 0, 0, -1, 0.500005364, 0.866022289, 0, 0.866022348, -0.500005364, 0), ["CID"] = 21, ["MAT"] = "DiamondPlate"}, {CFrame.new(-26.3969574, 31.6029396, -21.7247467, 0, 0, -1, 0.500005364, 0.866022289, 0, 0.866022348, -0.500005364, 0), ["CID"] = 21, ["MAT"] = "DiamondPlate"}, {CFrame.new(-26.3969574, 32.6029549, -19.9927063, 0, 0, -1, 0.500005364, 0.866022289, 0, 0.866022348, -0.500005364, 0), ["CID"] = 21, ["MAT"] = "DiamondPlate"}, {CFrame.new(-33, 18.3059502, -25.5806732, 0, 0, 1, 0.5, 0.866025388, 0, -0.866025388, 0.5, 0), ["CID"] = 21, ["MAT"] = "DiamondPlate"}, {CFrame.new(-33, 22.8059502, -33.7146454, 0, 0, 1, 0, 1, 0, -1, 0, 0), ["CID"] = 21, ["MAT"] = "DiamondPlate"}, {CFrame.new(-33, 22.8059502, -34.7146454, 0, 0, 1, 0, 1, 0, -1, 0, 0), ["CID"] = 21, ["MAT"] = "DiamondPlate"}, {CFrame.new(-33, 17.1059494, -22.5146484, 0, 0, -0.999999523, 1.1920929e-07, 1, 0, 0.999999881, 1.1920929e-07, 0), ["CID"] = 21, ["MAT"] = "DiamondPlate"}, {CFrame.new(-33, 17.1059494, -20.7146454, 0, 0, -0.999999523, 1.1920929e-07, 1, 0, 0.999999881, 1.1920929e-07, 0), ["CID"] = 21, ["MAT"] = "DiamondPlate"}, {CFrame.new(-33, 32.9059486, -23.8486176, 0, 0, 1, 0.5, 0.866025388, 0, -0.866025388, 0.5, 0), ["CID"] = 21, ["MAT"] = "DiamondPlate"}, {CFrame.new(-33, 34.9059486, -27.3127136, 0, 0, 1, 0.5, 0.866025388, 0, -0.866025388, 0.5, 0), ["CID"] = 21, ["MAT"] = "DiamondPlate"}, {CFrame.new(-33, 35.9059486, -29.0447693, 0, 0, 1, 0.5, 0.866025388, 0, -0.866025388, 0.5, 0), ["CID"] = 21, ["MAT"] = "DiamondPlate"}, {CFrame.new(-33, 36.9059486, -30.776825, 0, 0, 1, 0.5, 0.866025388, 0, -0.866025388, 0.5, 0), ["CID"] = 21, ["MAT"] = "DiamondPlate"}, {CFrame.new(-33, 37.9059486, -32.5088806, 0, 0, 1, 0.5, 0.866025388, 0, -0.866025388, 0.5, 0), ["CID"] = 21, ["MAT"] = "DiamondPlate"}, {CFrame.new(-30.4000092, 39.0987701, -33.7146454, -0.866025388, -0.5, 0, -0.5, 0.866025388, 0, 0, 0, -1), ["CID"] = 21, ["MAT"] = "DiamondPlate"}, {CFrame.new(-28.6679535, 40.0987663, -33.7146454, -0.866025388, -0.5, 0, -0.49999997, 0.866025388, 0, 0, 0, -0.99999994), ["CID"] = 21, ["MAT"] = "DiamondPlate"}, {CFrame.new(-26.9358978, 41.0987663, -33.7146454, -0.866025388, -0.5, 0, -0.49999994, 0.866025388, 0, 0, 0, -0.999999881), ["CID"] = 21, ["MAT"] = "DiamondPlate"}, {CFrame.new(-25.3327179, 41.5122681, -33.734314, -0.999999881, -1.1920929e-07, 0, 1.1920929e-07, 1, 0, 0, 0, -0.999999523), ["CID"] = 21, ["MAT"] = "DiamondPlate"}, {CFrame.new(-26.3780365, 41.2287331, -32.1319427, 0, 0, -0.999991417, 0.500001073, 0.866025746, 0, 0.866023242, -0.499997765, 0), ["CID"] = 21, ["MAT"] = "DiamondPlate"}, {CFrame.new(-26.3969574, 42.2028809, -30.3849792, 0, 0, -1, 0.500005364, 0.866022289, 0, 0.866022348, -0.500005364, 0), ["CID"] = 21, ["MAT"] = "DiamondPlate"}, {CFrame.new(-26.3969574, 43.2028923, -28.6529236, 0, 0, -1, 0.500005364, 0.866022289, 0, 0.866022348, -0.500005364, 0), ["CID"] = 21, ["MAT"] = "DiamondPlate"}, {CFrame.new(-26.3969574, 44.2029037, -26.9208832, 0, 0, -1, 0.500005364, 0.866022289, 0, 0.866022348, -0.500005364, 0), ["CID"] = 21, ["MAT"] = "DiamondPlate"}, {CFrame.new(-26.3969574, 45.2029152, -25.1888428, 0, 0, -1, 0.500005364, 0.866022289, 0, 0.866022348, -0.500005364, 0), ["CID"] = 21, ["MAT"] = "DiamondPlate"}, {CFrame.new(-26.3969574, 46.2029266, -23.4567871, 0, 0, -1, 0.500005364, 0.866022289, 0, 0.866022348, -0.500005364, 0), ["CID"] = 21, ["MAT"] = "DiamondPlate"}, {CFrame.new(-26.3969574, 47.2029381, -21.7247467, 0, 0, -1, 0.500005364, 0.866022289, 0, 0.866022348, -0.500005364, 0), ["CID"] = 21, ["MAT"] = "DiamondPlate"}, {CFrame.new(-26.3969574, 48.2029533, -19.9927063, 0, 0, -1, 0.500005364, 0.866022289, 0, 0.866022348, -0.500005364, 0), ["CID"] = 21, ["MAT"] = "DiamondPlate"}, {CFrame.new(-33, 33.9059486, -25.5806732, 0, 0, 1, 0.5, 0.866025388, 0, -0.866025388, 0.5, 0), ["CID"] = 21, ["MAT"] = "DiamondPlate"}, {CFrame.new(-33, 38.4059486, -33.7146454, 0, 0, 1, 0, 1, 0, -1, 0, 0), ["CID"] = 21, ["MAT"] = "DiamondPlate"}, {CFrame.new(-33, 38.4059486, -34.7146454, 0, 0, 1, 0, 1, 0, -1, 0, 0), ["CID"] = 21, ["MAT"] = "DiamondPlate"}, {CFrame.new(-33, 32.7059517, -22.5146484, 0, 0, -0.999999523, 1.1920929e-07, 1, 0, 0.999999881, 1.1920929e-07, 0), ["CID"] = 21, ["MAT"] = "DiamondPlate"}, {CFrame.new(-33, 32.7059517, -20.7146454, 0, 0, -0.999999523, 1.1920929e-07, 1, 0, 0.999999881, 1.1920929e-07, 0), ["CID"] = 21, ["MAT"] = "DiamondPlate"}, {CFrame.new(-30.4000092, 32.7059517, -22.5146484, 0, 0, -0.999999523, 1.1920929e-07, 1, 0, 0.999999881, 1.1920929e-07, 0), ["CID"] = 21, ["MAT"] = "DiamondPlate"}, {CFrame.new(-30.4000092, 32.7059517, -20.6146393, 0, 0, -0.999999523, 1.1920929e-07, 1, 0, 0.999999881, 1.1920929e-07, 0), ["CID"] = 21, ["MAT"] = "DiamondPlate"}, {CFrame.new(-33, 48.9059486, -23.8486176, 0, 0, 1, 0.5, 0.866025388, 0, -0.866025388, 0.5, 0), ["CID"] = 21, ["MAT"] = "DiamondPlate"}, {CFrame.new(-33, 50.9059486, -27.3127136, 0, 0, 1, 0.5, 0.866025388, 0, -0.866025388, 0.5, 0), ["CID"] = 21, ["MAT"] = "DiamondPlate"}, {CFrame.new(-33, 51.9059486, -29.0447693, 0, 0, 1, 0.5, 0.866025388, 0, -0.866025388, 0.5, 0), ["CID"] = 21, ["MAT"] = "DiamondPlate"}, {CFrame.new(-33, 52.9059486, -30.776825, 0, 0, 1, 0.5, 0.866025388, 0, -0.866025388, 0.5, 0), ["CID"] = 21, ["MAT"] = "DiamondPlate"}, {CFrame.new(-33, 53.9059486, -32.5088806, 0, 0, 1, 0.5, 0.866025388, 0, -0.866025388, 0.5, 0), ["CID"] = 21, ["MAT"] = "DiamondPlate"}, {CFrame.new(-30.4000092, 55.0987701, -33.7146454, -0.866025388, -0.5, 0, -0.5, 0.866025388, 0, 0, 0, -1), ["CID"] = 21, ["MAT"] = "DiamondPlate"}, {CFrame.new(-28.6679535, 56.0987663, -33.7146454, -0.866025388, -0.5, 0, -0.49999997, 0.866025388, 0, 0, 0, -0.99999994), ["CID"] = 21, ["MAT"] = "DiamondPlate"}, {CFrame.new(-26.9358978, 57.0987663, -33.7146454, -0.866025388, -0.5, 0, -0.49999994, 0.866025388, 0, 0, 0, -0.999999881), ["CID"] = 21, ["MAT"] = "DiamondPlate"}, {CFrame.new(-25.3327179, 57.5122681, -33.734314, -0.999999881, -1.1920929e-07, 0, 1.1920929e-07, 1, 0, 0, 0, -0.999999523), ["CID"] = 21, ["MAT"] = "DiamondPlate"}, {CFrame.new(-26.3780365, 57.2287331, -32.1319427, 0, 0, -0.999991417, 0.500001073, 0.866025746, 0, 0.866023242, -0.499997765, 0), ["CID"] = 21, ["MAT"] = "DiamondPlate"}, {CFrame.new(-26.3969574, 58.2028809, -30.3849792, 0, 0, -1, 0.500005364, 0.866022289, 0, 0.866022348, -0.500005364, 0), ["CID"] = 21, ["MAT"] = "DiamondPlate"}, {CFrame.new(-26.3969574, 59.2028923, -28.6529236, 0, 0, -1, 0.500005364, 0.866022289, 0, 0.866022348, -0.500005364, 0), ["CID"] = 21, ["MAT"] = "DiamondPlate"}, {CFrame.new(-26.3969574, 60.2029037, -26.9208832, 0, 0, -1, 0.500005364, 0.866022289, 0, 0.866022348, -0.500005364, 0), ["CID"] = 21, ["MAT"] = "DiamondPlate"}, {CFrame.new(-26.3969574, 61.2029152, -25.1888428, 0, 0, -1, 0.500005364, 0.866022289, 0, 0.866022348, -0.500005364, 0), ["CID"] = 21, ["MAT"] = "DiamondPlate"}, {CFrame.new(-26.3969574, 62.2029266, -23.4567871, 0, 0, -1, 0.500005364, 0.866022289, 0, 0.866022348, -0.500005364, 0), ["CID"] = 21, ["MAT"] = "DiamondPlate"}, {CFrame.new(-26.3969574, 63.2029381, -21.7247467, 0, 0, -1, 0.500005364, 0.866022289, 0, 0.866022348, -0.500005364, 0), ["CID"] = 21, ["MAT"] = "DiamondPlate"}, {CFrame.new(-26.3969574, 64.2029495, -19.9927063, 0, 0, -1, 0.500005364, 0.866022289, 0, 0.866022348, -0.500005364, 0), ["CID"] = 21, ["MAT"] = "DiamondPlate"}, {CFrame.new(-33, 49.9059486, -25.580658, 0, 0, 1, 0.5, 0.866025388, 0, -0.866025388, 0.5, 0), ["CID"] = 21, ["MAT"] = "DiamondPlate"}, {CFrame.new(-33, 54.4059486, -33.7146454, 0, 0, 1, 0, 1, 0, -1, 0, 0), ["CID"] = 21, ["MAT"] = "DiamondPlate"}, {CFrame.new(-33, 54.4059486, -34.7146454, 0, 0, 1, 0, 1, 0, -1, 0, 0), ["CID"] = 21, ["MAT"] = "DiamondPlate"}, {CFrame.new(-33, 48.7059517, -22.5146484, 0, 0, -0.999999523, 1.1920929e-07, 1, 0, 0.999999881, 1.1920929e-07, 0), ["CID"] = 21, ["MAT"] = "DiamondPlate"}, {CFrame.new(-33, 48.7059517, -20.7146454, 0, 0, -0.999999523, 1.1920929e-07, 1, 0, 0.999999881, 1.1920929e-07, 0), ["CID"] = 21, ["MAT"] = "DiamondPlate"}, {CFrame.new(-30.4000092, 48.7059517, -22.5146484, 0, 0, -0.999999523, 1.1920929e-07, 1, 0, 0.999999881, 1.1920929e-07, 0), ["CID"] = 21, ["MAT"] = "DiamondPlate"}, {CFrame.new(-30.4000092, 48.7059517, -20.6146393, 0, 0, -0.999999523, 1.1920929e-07, 1, 0, 0.999999881, 1.1920929e-07, 0), ["CID"] = 21, ["MAT"] = "DiamondPlate"}, {CFrame.new(-33, 64.9059448, -23.8486176, 0, 0, 1, 0.5, 0.866025388, 0, -0.866025388, 0.5, 0), ["CID"] = 21, ["MAT"] = "DiamondPlate"}, {CFrame.new(-33, 66.9059448, -27.3127136, 0, 0, 1, 0.5, 0.866025388, 0, -0.866025388, 0.5, 0), ["CID"] = 21, ["MAT"] = "DiamondPlate"}, {CFrame.new(-33, 67.9059448, -29.0447693, 0, 0, 1, 0.5, 0.866025388, 0, -0.866025388, 0.5, 0), ["CID"] = 21, ["MAT"] = "DiamondPlate"}, {CFrame.new(-33, 68.9059448, -30.776825, 0, 0, 1, 0.5, 0.866025388, 0, -0.866025388, 0.5, 0), ["CID"] = 21, ["MAT"] = "DiamondPlate"}, {CFrame.new(-33, 69.9059448, -32.5088806, 0, 0, 1, 0.5, 0.866025388, 0, -0.866025388, 0.5, 0), ["CID"] = 21, ["MAT"] = "DiamondPlate"}, {CFrame.new(-30.4000092, 71.0987701, -33.7146454, -0.866025388, -0.5, 0, -0.5, 0.866025388, 0, 0, 0, -1), ["CID"] = 21, ["MAT"] = "DiamondPlate"}, {CFrame.new(-28.6679535, 72.0987625, -33.7146454, -0.866025388, -0.5, 0, -0.49999997, 0.866025388, 0, 0, 0, -0.99999994), ["CID"] = 21, ["MAT"] = "DiamondPlate"}, {CFrame.new(-26.9358978, 73.0987625, -33.7146454, -0.866025388, -0.5, 0, -0.49999994, 0.866025388, 0, 0, 0, -0.999999881), ["CID"] = 21, ["MAT"] = "DiamondPlate"}, {CFrame.new(-25.3327179, 73.5122681, -33.7342987, -0.999999881, -1.1920929e-07, 0, 1.1920929e-07, 1, 0, 0, 0, -0.999999523), ["CID"] = 21, ["MAT"] = "DiamondPlate"}, {CFrame.new(-26.3780365, 73.2287292, -32.1319427, 0, 0, -0.999991417, 0.500001073, 0.866025746, 0, 0.866023242, -0.499997765, 0), ["CID"] = 21, ["MAT"] = "DiamondPlate"}, {CFrame.new(-26.3969574, 74.2028809, -30.384964, 0, 0, -1, 0.500005364, 0.866022289, 0, 0.866022348, -0.500005364, 0), ["CID"] = 21, ["MAT"] = "DiamondPlate"}, {CFrame.new(-26.3969574, 75.2028885, -28.6529236, 0, 0, -1, 0.500005364, 0.866022289, 0, 0.866022348, -0.500005364, 0), ["CID"] = 21, ["MAT"] = "DiamondPlate"}, {CFrame.new(-26.3969574, 76.2028961, -26.9208832, 0, 0, -1, 0.500005364, 0.866022289, 0, 0.866022348, -0.500005364, 0), ["CID"] = 21, ["MAT"] = "DiamondPlate"}, {CFrame.new(-26.3969574, 77.2029114, -25.1888275, 0, 0, -1, 0.500005364, 0.866022289, 0, 0.866022348, -0.500005364, 0), ["CID"] = 21, ["MAT"] = "DiamondPlate"}, {CFrame.new(-26.3969574, 78.2029266, -23.4567871, 0, 0, -1, 0.500005364, 0.866022289, 0, 0.866022348, -0.500005364, 0), ["CID"] = 21, ["MAT"] = "DiamondPlate"}, {CFrame.new(-26.3969574, 79.2029343, -21.7247467, 0, 0, -1, 0.500005364, 0.866022289, 0, 0.866022348, -0.500005364, 0), ["CID"] = 21, ["MAT"] = "DiamondPlate"}, {CFrame.new(-26.3969574, 80.2029495, -19.992691, 0, 0, -1, 0.500005364, 0.866022289, 0, 0.866022348, -0.500005364, 0), ["CID"] = 21, ["MAT"] = "DiamondPlate"}, {CFrame.new(-33, 65.9059448, -25.580658, 0, 0, 1, 0.5, 0.866025388, 0, -0.866025388, 0.5, 0), ["CID"] = 21, ["MAT"] = "DiamondPlate"}, {CFrame.new(-33, 70.4059448, -33.7146454, 0, 0, 1, 0, 1, 0, -1, 0, 0), ["CID"] = 21, ["MAT"] = "DiamondPlate"}, {CFrame.new(-33, 70.4059448, -34.7146454, 0, 0, 1, 0, 1, 0, -1, 0, 0), ["CID"] = 21, ["MAT"] = "DiamondPlate"}, {CFrame.new(-33, 64.7059479, -22.5146332, 0, 0, -0.999999523, 1.1920929e-07, 1, 0, 0.999999881, 1.1920929e-07, 0), ["CID"] = 21, ["MAT"] = "DiamondPlate"}, {CFrame.new(-33, 64.7059479, -20.7146454, 0, 0, -0.999999523, 1.1920929e-07, 1, 0, 0.999999881, 1.1920929e-07, 0), ["CID"] = 21, ["MAT"] = "DiamondPlate"}, {CFrame.new(-30.4000092, 64.7059479, -22.5146332, 0, 0, -0.999999523, 1.1920929e-07, 1, 0, 0.999999881, 1.1920929e-07, 0), ["CID"] = 21, ["MAT"] = "DiamondPlate"}, {CFrame.new(-30.4000092, 64.7059479, -20.6146393, 0, 0, -0.999999523, 1.1920929e-07, 1, 0, 0.999999881, 1.1920929e-07, 0), ["CID"] = 21, ["MAT"] = "DiamondPlate"}, {CFrame.new(-33, 80.9059448, -23.8486176, 0, 0, 1, 0.5, 0.866025388, 0, -0.866025388, 0.5, 0), ["CID"] = 21, ["MAT"] = "DiamondPlate"}, {CFrame.new(-33, 82.9059448, -27.3127136, 0, 0, 1, 0.5, 0.866025388, 0, -0.866025388, 0.5, 0), ["CID"] = 21, ["MAT"] = "DiamondPlate"}, {CFrame.new(-33, 83.9059448, -29.0447693, 0, 0, 1, 0.5, 0.866025388, 0, -0.866025388, 0.5, 0), ["CID"] = 21, ["MAT"] = "DiamondPlate"}, {CFrame.new(-33, 84.9059448, -30.776825, 0, 0, 1, 0.5, 0.866025388, 0, -0.866025388, 0.5, 0), ["CID"] = 21, ["MAT"] = "DiamondPlate"}, {CFrame.new(-33, 85.9059448, -32.5088654, 0, 0, 1, 0.5, 0.866025388, 0, -0.866025388, 0.5, 0), ["CID"] = 21, ["MAT"] = "DiamondPlate"}, {CFrame.new(-30.4000092, 87.0987701, -33.7146301, -0.866025388, -0.5, 0, -0.5, 0.866025388, 0, 0, 0, -1), ["CID"] = 21, ["MAT"] = "DiamondPlate"}, {CFrame.new(-28.6679535, 88.0987625, -33.7146301, -0.866025388, -0.5, 0, -0.49999997, 0.866025388, 0, 0, 0, -0.99999994), ["CID"] = 21, ["MAT"] = "DiamondPlate"}, {CFrame.new(-26.9358978, 89.0987625, -33.7146301, -0.866025388, -0.5, 0, -0.49999994, 0.866025388, 0, 0, 0, -0.999999881), ["CID"] = 21, ["MAT"] = "DiamondPlate"}, {CFrame.new(-25.3327179, 89.5122681, -33.7342987, -0.999999881, -1.1920929e-07, 0, 1.1920929e-07, 1, 0, 0, 0, -0.999999523), ["CID"] = 21, ["MAT"] = "DiamondPlate"}, {CFrame.new(-26.3780365, 89.2287292, -32.1319427, 0, 0, -0.999991417, 0.500001073, 0.866025746, 0, 0.866023242, -0.499997765, 0), ["CID"] = 21, ["MAT"] = "DiamondPlate"}, {CFrame.new(-26.3969574, 90.2028809, -30.384964, 0, 0, -1, 0.500005364, 0.866022289, 0, 0.866022348, -0.500005364, 0), ["CID"] = 21, ["MAT"] = "DiamondPlate"}, {CFrame.new(-26.3969574, 91.2028885, -28.6529236, 0, 0, -1, 0.500005364, 0.866022289, 0, 0.866022348, -0.500005364, 0), ["CID"] = 21, ["MAT"] = "DiamondPlate"}, {CFrame.new(-26.3969574, 92.2028961, -26.9208832, 0, 0, -1, 0.500005364, 0.866022289, 0, 0.866022348, -0.500005364, 0), ["CID"] = 21, ["MAT"] = "DiamondPlate"}, {CFrame.new(-26.3969574, 93.2029114, -25.1888275, 0, 0, -1, 0.500005364, 0.866022289, 0, 0.866022348, -0.500005364, 0), ["CID"] = 21, ["MAT"] = "DiamondPlate"}, {CFrame.new(-26.3969574, 94.2029266, -23.4567871, 0, 0, -1, 0.500005364, 0.866022289, 0, 0.866022348, -0.500005364, 0), ["CID"] = 21, ["MAT"] = "DiamondPlate"}, {CFrame.new(-26.3969574, 95.2029343, -21.7247467, 0, 0, -1, 0.500005364, 0.866022289, 0, 0.866022348, -0.500005364, 0), ["CID"] = 21, ["MAT"] = "DiamondPlate"}, {CFrame.new(-26.3969574, 96.2029495, -19.992691, 0, 0, -1, 0.500005364, 0.866022289, 0, 0.866022348, -0.500005364, 0), ["CID"] = 21, ["MAT"] = "DiamondPlate"}, {CFrame.new(-33, 81.9059448, -25.580658, 0, 0, 1, 0.5, 0.866025388, 0, -0.866025388, 0.5, 0), ["CID"] = 21, ["MAT"] = "DiamondPlate"}, {CFrame.new(-33, 86.4059448, -33.7146301, 0, 0, 1, 0, 1, 0, -1, 0, 0), ["CID"] = 21, ["MAT"] = "DiamondPlate"}, {CFrame.new(-33, 86.4059448, -34.7146301, 0, 0, 1, 0, 1, 0, -1, 0, 0), ["CID"] = 21, ["MAT"] = "DiamondPlate"}, {CFrame.new(-33, 80.7059479, -22.5146332, 0, 0, -0.999999523, 1.1920929e-07, 1, 0, 0.999999881, 1.1920929e-07, 0), ["CID"] = 21, ["MAT"] = "DiamondPlate"}, {CFrame.new(-33, 80.7059479, -20.7146301, 0, 0, -0.999999523, 1.1920929e-07, 1, 0, 0.999999881, 1.1920929e-07, 0), ["CID"] = 21, ["MAT"] = "DiamondPlate"}, {CFrame.new(-30.4000092, 80.7059479, -22.5146332, 0, 0, -0.999999523, 1.1920929e-07, 1, 0, 0.999999881, 1.1920929e-07, 0), ["CID"] = 21, ["MAT"] = "DiamondPlate"}, {CFrame.new(-30.4000092, 80.7059479, -20.6146393, 0, 0, -0.999999523, 1.1920929e-07, 1, 0, 0.999999881, 1.1920929e-07, 0), ["CID"] = 21, ["MAT"] = "DiamondPlate"}, {CFrame.new(-33, 96.9059448, -23.8486023, 0, 0, 1, 0.5, 0.866025388, 0, -0.866025388, 0.5, 0), ["CID"] = 21, ["MAT"] = "DiamondPlate"}, {CFrame.new(-33, 98.9059448, -27.3127136, 0, 0, 1, 0.5, 0.866025388, 0, -0.866025388, 0.5, 0), ["CID"] = 21, ["MAT"] = "DiamondPlate"}, {CFrame.new(-33, 99.9059448, -29.0447693, 0, 0, 1, 0.5, 0.866025388, 0, -0.866025388, 0.5, 0), ["CID"] = 21, ["MAT"] = "DiamondPlate"}, {CFrame.new(-33, 100.905945, -30.7768097, 0, 0, 1, 0.5, 0.866025388, 0, -0.866025388, 0.5, 0), ["CID"] = 21, ["MAT"] = "DiamondPlate"}, {CFrame.new(-33, 101.905945, -32.5088654, 0, 0, 1, 0.5, 0.866025388, 0, -0.866025388, 0.5, 0), ["CID"] = 21, ["MAT"] = "DiamondPlate"}, {CFrame.new(-30.4000092, 103.09877, -33.7146301, -0.866025388, -0.5, 0, -0.5, 0.866025388, 0, 0, 0, -1), ["CID"] = 21, ["MAT"] = "DiamondPlate"}, {CFrame.new(-28.6679535, 104.098763, -33.7146301, -0.866025388, -0.5, 0, -0.49999997, 0.866025388, 0, 0, 0, -0.99999994), ["CID"] = 21, ["MAT"] = "DiamondPlate"}, {CFrame.new(-26.9358978, 105.098763, -33.7146301, -0.866025388, -0.5, 0, -0.49999994, 0.866025388, 0, 0, 0, -0.999999881), ["CID"] = 21, ["MAT"] = "DiamondPlate"}, {CFrame.new(-25.3327179, 105.512268, -33.7342987, -0.999999881, -1.1920929e-07, 0, 1.1920929e-07, 1, 0, 0, 0, -0.999999523), ["CID"] = 21, ["MAT"] = "DiamondPlate"}, {CFrame.new(-26.3780365, 105.228729, -32.1319427, 0, 0, -0.999991417, 0.500001073, 0.866025746, 0, 0.866023242, -0.499997765, 0), ["CID"] = 21, ["MAT"] = "DiamondPlate"}, {CFrame.new(-26.3969574, 106.202881, -30.384964, 0, 0, -1, 0.500005364, 0.866022289, 0, 0.866022348, -0.500005364, 0), ["CID"] = 21, ["MAT"] = "DiamondPlate"}, {CFrame.new(-26.3969574, 107.202888, -28.6529236, 0, 0, -1, 0.500005364, 0.866022289, 0, 0.866022348, -0.500005364, 0), ["CID"] = 21, ["MAT"] = "DiamondPlate"}, {CFrame.new(-26.3969574, 108.202896, -26.9208679, 0, 0, -1, 0.500005364, 0.866022289, 0, 0.866022348, -0.500005364, 0), ["CID"] = 21, ["MAT"] = "DiamondPlate"}, {CFrame.new(-26.3969574, 109.202911, -25.1888275, 0, 0, -1, 0.500005364, 0.866022289, 0, 0.866022348, -0.500005364, 0), ["CID"] = 21, ["MAT"] = "DiamondPlate"}, {CFrame.new(-26.3969574, 110.202927, -23.4567871, 0, 0, -1, 0.500005364, 0.866022289, 0, 0.866022348, -0.500005364, 0), ["CID"] = 21, ["MAT"] = "DiamondPlate"}, {CFrame.new(-26.3969574, 111.202934, -21.7247314, 0, 0, -1, 0.500005364, 0.866022289, 0, 0.866022348, -0.500005364, 0), ["CID"] = 21, ["MAT"] = "DiamondPlate"}, {CFrame.new(-26.3969574, 112.20295, -19.992691, 0, 0, -1, 0.500005364, 0.866022289, 0, 0.866022348, -0.500005364, 0), ["CID"] = 21, ["MAT"] = "DiamondPlate"}, {CFrame.new(-33, 97.9059448, -25.580658, 0, 0, 1, 0.5, 0.866025388, 0, -0.866025388, 0.5, 0), ["CID"] = 21, ["MAT"] = "DiamondPlate"}, {CFrame.new(-33, 102.405945, -33.7146301, 0, 0, 1, 0, 1, 0, -1, 0, 0), ["CID"] = 21, ["MAT"] = "DiamondPlate"}, {CFrame.new(-33, 102.405945, -34.7146301, 0, 0, 1, 0, 1, 0, -1, 0, 0), ["CID"] = 21, ["MAT"] = "DiamondPlate"}, {CFrame.new(-33, 96.7059479, -22.5146332, 0, 0, -0.999999523, 1.1920929e-07, 1, 0, 0.999999881, 1.1920929e-07, 0), ["CID"] = 21, ["MAT"] = "DiamondPlate"}, {CFrame.new(-33, 96.7059479, -20.7146301, 0, 0, -0.999999523, 1.1920929e-07, 1, 0, 0.999999881, 1.1920929e-07, 0), ["CID"] = 21, ["MAT"] = "DiamondPlate"}, {CFrame.new(-30.4000092, 96.7059479, -22.5146332, 0, 0, -0.999999523, 1.1920929e-07, 1, 0, 0.999999881, 1.1920929e-07, 0), ["CID"] = 21, ["MAT"] = "DiamondPlate"}, {CFrame.new(-30.4000092, 96.7059479, -20.6146393, 0, 0, -0.999999523, 1.1920929e-07, 1, 0, 0.999999881, 1.1920929e-07, 0), ["CID"] = 21, ["MAT"] = "DiamondPlate"}, {CFrame.new(-33, 112.505943, -23.8486023, 0, 0, 1, 0.5, 0.866025388, 0, -0.866025388, 0.5, 0), ["CID"] = 21, ["MAT"] = "DiamondPlate"}, {CFrame.new(-33, 114.505943, -27.3127136, 0, 0, 1, 0.5, 0.866025388, 0, -0.866025388, 0.5, 0), ["CID"] = 21, ["MAT"] = "DiamondPlate"}, {CFrame.new(-33, 115.505943, -29.0447693, 0, 0, 1, 0.5, 0.866025388, 0, -0.866025388, 0.5, 0), ["CID"] = 21, ["MAT"] = "DiamondPlate"}, {CFrame.new(-33, 116.505943, -30.7768097, 0, 0, 1, 0.5, 0.866025388, 0, -0.866025388, 0.5, 0), ["CID"] = 21, ["MAT"] = "DiamondPlate"}, {CFrame.new(-33, 117.505943, -32.5088654, 0, 0, 1, 0.5, 0.866025388, 0, -0.866025388, 0.5, 0), ["CID"] = 21, ["MAT"] = "DiamondPlate"}, {CFrame.new(-30.4000092, 118.698769, -33.7146301, -0.866025388, -0.5, 0, -0.5, 0.866025388, 0, 0, 0, -1), ["CID"] = 21, ["MAT"] = "DiamondPlate"}, {CFrame.new(-28.6679535, 119.698761, -33.7146301, -0.866025388, -0.5, 0, -0.49999997, 0.866025388, 0, 0, 0, -0.99999994), ["CID"] = 21, ["MAT"] = "DiamondPlate"}, {CFrame.new(-26.9358978, 120.698761, -33.7146301, -0.866025388, -0.5, 0, -0.49999994, 0.866025388, 0, 0, 0, -0.999999881), ["CID"] = 21, ["MAT"] = "DiamondPlate"}, {CFrame.new(-25.3327179, 121.112267, -33.7342987, -0.999999881, -1.1920929e-07, 0, 1.1920929e-07, 1, 0, 0, 0, -0.999999523), ["CID"] = 21, ["MAT"] = "DiamondPlate"}, {CFrame.new(-26.3780365, 120.828728, -32.1319427, 0, 0, -0.999991417, 0.500001073, 0.866025746, 0, 0.866023242, -0.499997765, 0), ["CID"] = 21, ["MAT"] = "DiamondPlate"}, {CFrame.new(-26.3969574, 121.802879, -30.384964, 0, 0, -1, 0.500005364, 0.866022289, 0, 0.866022348, -0.500005364, 0), ["CID"] = 21, ["MAT"] = "DiamondPlate"}, {CFrame.new(-26.3969574, 122.802887, -28.6529236, 0, 0, -1, 0.500005364, 0.866022289, 0, 0.866022348, -0.500005364, 0), ["CID"] = 21, ["MAT"] = "DiamondPlate"}, {CFrame.new(-26.3969574, 123.802895, -26.9208679, 0, 0, -1, 0.500005364, 0.866022289, 0, 0.866022348, -0.500005364, 0), ["CID"] = 21, ["MAT"] = "DiamondPlate"}, {CFrame.new(-26.3969574, 124.80291, -25.1888275, 0, 0, -1, 0.500005364, 0.866022289, 0, 0.866022348, -0.500005364, 0), ["CID"] = 21, ["MAT"] = "DiamondPlate"}, {CFrame.new(-26.3969574, 125.802925, -23.4567871, 0, 0, -1, 0.500005364, 0.866022289, 0, 0.866022348, -0.500005364, 0), ["CID"] = 21, ["MAT"] = "DiamondPlate"}, {CFrame.new(-26.3969574, 126.802933, -21.7247314, 0, 0, -1, 0.500005364, 0.866022289, 0, 0.866022348, -0.500005364, 0), ["CID"] = 21, ["MAT"] = "DiamondPlate"}, {CFrame.new(-26.3969574, 127.802948, -19.992691, 0, 0, -1, 0.500005364, 0.866022289, 0, 0.866022348, -0.500005364, 0), ["CID"] = 21, ["MAT"] = "DiamondPlate"}, {CFrame.new(-33, 113.505943, -25.580658, 0, 0, 1, 0.5, 0.866025388, 0, -0.866025388, 0.5, 0), ["CID"] = 21, ["MAT"] = "DiamondPlate"}, {CFrame.new(-33, 118.005943, -33.7146301, 0, 0, 1, 0, 1, 0, -1, 0, 0), ["CID"] = 21, ["MAT"] = "DiamondPlate"}, {CFrame.new(-33, 118.005943, -34.7146301, 0, 0, 1, 0, 1, 0, -1, 0, 0), ["CID"] = 21, ["MAT"] = "DiamondPlate"}, {CFrame.new(-33, 112.305946, -22.5146332, 0, 0, -0.999999523, 1.1920929e-07, 1, 0, 0.999999881, 1.1920929e-07, 0), ["CID"] = 21, ["MAT"] = "DiamondPlate"}, {CFrame.new(-33, 112.305946, -20.7146301, 0, 0, -0.999999523, 1.1920929e-07, 1, 0, 0.999999881, 1.1920929e-07, 0), ["CID"] = 21, ["MAT"] = "DiamondPlate"}, {CFrame.new(-30.4000092, 112.305946, -22.5146332, 0, 0, -0.999999523, 1.1920929e-07, 1, 0, 0.999999881, 1.1920929e-07, 0), ["CID"] = 21, ["MAT"] = "DiamondPlate"}, {CFrame.new(-30.4000092, 112.305946, -20.6146393, 0, 0, -0.999999523, 1.1920929e-07, 1, 0, 0.999999881, 1.1920929e-07, 0), ["CID"] = 21, ["MAT"] = "DiamondPlate"}, {CFrame.new(-33, 128.105927, -23.8486023, 0, 0, 1, 0.5, 0.866025388, 0, -0.866025388, 0.5, 0), ["CID"] = 21, ["MAT"] = "DiamondPlate"}, {CFrame.new(-33, 130.105927, -27.3127136, 0, 0, 1, 0.5, 0.866025388, 0, -0.866025388, 0.5, 0), ["CID"] = 21, ["MAT"] = "DiamondPlate"}, {CFrame.new(-33, 131.105927, -29.044754, 0, 0, 1, 0.5, 0.866025388, 0, -0.866025388, 0.5, 0), ["CID"] = 21, ["MAT"] = "DiamondPlate"}, {CFrame.new(-33, 132.105927, -30.7768097, 0, 0, 1, 0.5, 0.866025388, 0, -0.866025388, 0.5, 0), ["CID"] = 21, ["MAT"] = "DiamondPlate"}, {CFrame.new(-33, 133.105927, -32.5088654, 0, 0, 1, 0.5, 0.866025388, 0, -0.866025388, 0.5, 0), ["CID"] = 21, ["MAT"] = "DiamondPlate"}, {CFrame.new(-30.4000092, 134.298752, -33.7146301, -0.866025388, -0.5, 0, -0.5, 0.866025388, 0, 0, 0, -1), ["CID"] = 21, ["MAT"] = "DiamondPlate"}, {CFrame.new(-28.6679535, 135.298752, -33.7146301, -0.866025388, -0.5, 0, -0.49999997, 0.866025388, 0, 0, 0, -0.99999994), ["CID"] = 21, ["MAT"] = "DiamondPlate"}, {CFrame.new(-26.9358978, 136.298752, -33.7146301, -0.866025388, -0.5, 0, -0.49999994, 0.866025388, 0, 0, 0, -0.999999881), ["CID"] = 21, ["MAT"] = "DiamondPlate"}, {CFrame.new(-25.3327179, 136.71225, -33.7342987, -0.999999881, -1.1920929e-07, 0, 1.1920929e-07, 1, 0, 0, 0, -0.999999523), ["CID"] = 21, ["MAT"] = "DiamondPlate"}, {CFrame.new(-26.3780365, 136.428711, -32.1319427, 0, 0, -0.999991417, 0.500001073, 0.866025746, 0, 0.866023242, -0.499997765, 0), ["CID"] = 21, ["MAT"] = "DiamondPlate"}, {CFrame.new(-26.3969574, 137.402863, -30.384964, 0, 0, -1, 0.500005364, 0.866022289, 0, 0.866022348, -0.500005364, 0), ["CID"] = 21, ["MAT"] = "DiamondPlate"}, {CFrame.new(-26.3969574, 138.402878, -28.6529236, 0, 0, -1, 0.500005364, 0.866022289, 0, 0.866022348, -0.500005364, 0), ["CID"] = 21, ["MAT"] = "DiamondPlate"}, {CFrame.new(-26.3969574, 139.402878, -26.9208679, 0, 0, -1, 0.500005364, 0.866022289, 0, 0.866022348, -0.500005364, 0), ["CID"] = 21, ["MAT"] = "DiamondPlate"}, {CFrame.new(-26.3969574, 140.402893, -25.1888275, 0, 0, -1, 0.500005364, 0.866022289, 0, 0.866022348, -0.500005364, 0), ["CID"